1
2
3
4
5
6
7
8
9
10
11
12
13
14
15
16
17
18
19
20
21
784
23
24
25
26
94
28
29
30
31
32
33
238
35
36
37
38
39
40
613
782
43
44
45
46
47
48
49
50
51
52
53
54
55
56
57
58
59
60
61
170
63
64
65
66
67
68
69
70
71
72
704
146
75
76
77
78
79
80
81
82
449
84
85
86
87
88
89
90
91
92
93
27
95
96
97
98
99
100
101
102
103
104
105
106
107
108
109
110
111
112
113
114
115
116
117
558
119
120
121
122
123
124
125
126
127
450
129
130
131
132
133
134
135
136
137
138
139
140
141
142
143
144
145
74
147
148
149
150
151
152
931
154
155
156
157
158
159
160
161
162
163
164
165
166
167
168
169
62
171
172
173
174
175
176
177
178
179
775
181
182
183
184
185
600
187
188
189
190
191
192
193
194
195
196
197
198
199
200
201
202
436
204
205
206
207
208
209
210
211
212
213
214
215
216
217
218
219
220
221
222
223
224
225
226
227
228
229
230
664
232
233
234
985
236
237
34
239
947
241
242
243
244
245
246
247
248
249
250
251
252
253
254
255
256
619
258
259
260
261
262
263
264
265
266
267
268
269
270
807
272
847
274
275
591
277
278
513
280
281
282
283
284
939
286
287
288
289
720
291
292
293
294
295
944
297
298
482
300
301
302
303
304
305
306
307
308
309
310
311
717
313
314
812
316
317
318
319
320
321
322
323
324
325
326
327
328
329
330
753
332
333
334
335
336
337
338
339
340
341
342
343
344
345
346
347
348
349
350
351
352
353
354
355
356
357
358
359
360
361
362
363
364
365
366
367
368
369
370
371
372
373
374
375
376
377
378
379
380
381
382
383
384
385
386
387
388
389
390
391
392
393
394
395
396
397
398
399
400
401
402
403
404
405
406
407
408
409
410
411
412
966
414
415
416
417
418
462
420
421
422
423
424
425
426
427
428
429
430
431
432
433
434
435
203
437
438
439
440
441
442
911
444
445
446
651
448
83
128
451
452
668
454
455
456
457
458
459
460
461
419
463
464
881
466
467
468
469
470
471
472
473
474
475
476
477
478
479
609
481
532
483
484
485
486
487
488
489
490
491
492
493
494
495
496
497
498
499
500
501
502
503
504
505
553
507
508
509
510
511
512
279
514
515
516
517
518
519
520
521
522
523
524
525
526
527
528
529
530
531
299
533
534
535
536
537
538
539
540
541
542
543
544
545
546
547
548
549
550
551
552
506
554
555
556
557
118
559
560
561
562
563
564
565
566
567
568
569
570
571
572
573
574
575
576
577
578
579
580
581
582
845
584
585
586
587
588
589
882
276
592
593
594
595
596
597
598
599
186
601
974
603
678
605
606
607
608
706
767
611
612
41
614
615
616
617
618
257
620
621
622
623
624
625
626
627
628
629
630
631
632
633
634
635
636
637
638
639
640
811
642
643
644
645
646
647
648
649
650
447
652
653
654
655
656
657
658
659
660
661
662
663
231
665
666
667
453
669
670
671
672
673
674
675
676
677
604
679
680
681
682
683
684
685
686
687
688
842
690
857
692
693
694
695
696
697
698
699
700
701
702
703
73
705
480
707
708
709
710
711
712
713
714
715
716
312
718
719
290
721
722
723
296
725
726
727
728
729
730
731
732
733
734
735
736
737
738
739
740
741
742
743
744
745
746
747
748
749
750
751
752
331
754
755
756
757
758
759
760
761
762
763
764
765
766
610
768
769
770
771
772
773
774
180
776
777
778
779
780
781
42
783
22
785
786
787
788
789
790
791
792
793
794
795
796
797
798
799
800
801
802
803
804
805
806
271
808
809
810
641
315
813
814
815
816
817
818
819
820
821
822
823
957
825
826
827
828
829
830
831
832
833
834
835
836
837
838
839
840
841
689
843
844
583
846
273
848
849
850
851
852
853
854
855
856
691
858
859
860
861
862
863
864
865
866
867
868
869
870
871
872
873
874
875
876
877
878
879
880
465
590
883
884
885
886
887
888
889
890
891
892
893
894
895
896
897
898
899
900
901
902
903
904
905
906
907
908
909
910
443
912
913
914
915
916
917
918
919
920
921
922
923
924
925
926
927
928
929
930
153
932
933
934
935
936
937
938
285
940
941
942
943
724
945
946
240
948
949
950
951
952
953
954
955
956
824
958
959
960
961
962
963
964
965
413
967
968
969
970
971
972
973
602
975
976
977
978
979
980
981
982
983
984
235
986
987
988
989
990
991
992
993
994
995
996
997
998
999
1000
