32
6
31
23
27
22
21
7
11
22
27
32
19
26
3
30
6
21
17
21
8
26
1
30
27
4
13
24
32
29
4
14
18
9
19
29
32
8
2
16
11
20
1
27
6
15
8
30
8
10
32
19
18
27
31
31
16
30
10
25
13
9
5
18
27
22
18
1
19
20
32
10
29
31
23
22
25
30
21
13
16
25
15
27
3
21
31
25
25
10
32
3
9
22
7
29
7
30
1
10
27
10
5
31
17
22
26
6
22
25
21
32
3
5
16
19
15
6
28
7
7
29
11
20
2
3
21
4
19
23
24
28
10
16
27
12
11
12
6
25
16
32
10
15
30
17
30
17
1
30
19
11
5
29
23
20
28
17
30
20
13
25
31
7
16
25
23
19
19
2
26
18
1
4
32
19
15
23
15
13
17
9
7
3
20
29
3
24
9
6
19
21
27
12
13
9
24
18
11
17
31
19
22
8
30
5
10
15
26
24
6
26
1
17
8
30
24
17
25
24
7
15
31
2
21
15
5
30
20
27
8
9
3
3
20
32
8
7
16
9
25
30
24
27
10
27
7
32
27
18
3
24
14
29
29
16
24
7
24
23
4
26
18
13
8
30
6
14
2
4
22
16
9
14
5
14
14
15
22
10
1
18
10
9
17
12
8
2
9
1
23
16
21
2
12
17
4
9
27
8
5
31
29
24
7
29
15
3
20
30
2
4
31
26
28
7
32
29
5
6
21
10
5
9
18
21
25
19
30
28
7
8
14
28
29
15
27
22
30
26
27
7
21
28
21
17
24
10
31
5
6
6
6
28
7
24
9
4
22
8
27
23
28
4
19
20
23
7
14
10
31
15
7
23
24
8
18
15
28
2
18
2
12
18
20
22
23
1
12
10
26
5
10
2
6
14
25
27
30
22
11
24
20
21
6
4
10
11
4
6
18
29
28
32
29
27
18
14
8
23
28
8
19
32
20
3
15
26
4
1
14
20
14
9
17
19
21
8
1
32
28
12
9
25
15
23
5
26
3
28
2
30
5
21
28
26
27
19
8
26
2
21
11
30
24
6
28
7
16
28
26
6
26
20
22
15
22
11
5
8
13
23
23
10
16
7
10
17
13
12
10
5
12
32
30
29
21
21
10
29
5
31
29
20
18
4
23
5
20
30
29
3
4
24
19
5
6
25
30
3
29
13
21
31
10
4
29
7
22
6
12
3
16
29
29
11
24
24
19
25
27
22
4
22
5
22
7
25
19
17
10
22
6
10
23
20
26
9
6
20
25
22
9
6
28
24
2
24
20
12
14
22
32
13
15
9
10
5
19
7
3
22
9
25
10
11
12
11
29
3
27
24
16
29
19
29
15
16
20
31
13
24
29
30
19
25
27
11
13
9
17
4
31
24
7
8
19
6
11
18
29
10
28
6
15
29
23
2
27
4
26
24
16
25
6
24
15
2
21
7
22
10
9
3
19
31
9
31
29
1
6
2
17
14
10
28
8
19
16
20
8
4
16
27
30
5
8
32
2
16
10
19
28
1
23
16
27
12
6
24
5
2
25
31
3
25
24
17
2
23
5
23
16
7
22
9
3
23
22
12
30
31
12
9
5
30
3
19
13
3
13
3
21
20
26
31
17
3
13
19
23
4
22
18
8
24
28
26
29
25
22
12
32
32
24
18
6
28
6
28
12
19
21
7
6
21
19
20
29
28
11
29
23
29
3
23
28
18
4
5
26
24
11
2
10
29
3
9
5
16
24
24
25
3
10
29
24
24
29
5
9
24
26
21
18
16
8
2
12
32
25
8
17
17
29
14
19
32
13
8
9
5
29
12
29
6
21
23
5
19
20
11
12
24
15
8
13
9
16
32
2
24
24
30
9
6
5
20
26
31
27
27
5
9
21
5
29
30
23
9
12
9
28
4
8
10
20
11
11
21
15
23
19
6
17
13
18
9
20
6
11
10
11
22
3
2
6
3
17
14
27
2
32
19
20
31
16
26
20
30
5
4
11
29
27
31
30
14
22
10
21
21
23
26
9
24
7
21
16
30
8
18
29
16
10
7
4
19
25
27
16
11
21
21
13
11
32
30
32
20
32
2
6
26
30
16
14
23
4
4
19
32
31
19
1
7
28
9
17
24
26
24
3
26
4
13
24
19
5
25
29
18
8
9
7
26
24
22
24
10
13
26
3
3
3
9
22
31
30
10
9
21
21
11
26
20
22
32
20
31
2
24
22
8
27
20
2
31
17
15
4
31
11
25
10
16
3
8
13
2
