949402
32939
901394
346480
74300
539132
249566
292005
701475
508994
224644
565428
138740
758491
980958
925246
598783
604202
495632
254802
822734
495949
846722
426834
199660
98908
101640
690994
451990
371508
444155
431072
489711
905799
764492
56803
706074
685198
677569
103199
63557
422180
763588
355785
839483
903530
114577
260736
200897
199449
562337
470406
146992
442375
192402
292076
485101
261942
916965
968115
79047
464657
847273
903190
897547
577058
102665
53046
683824
566848
876639
15475
97794
971367
790171
889922
247862
174390
426157
509232
504741
224131
906652
420522
946280
61484
172635
397383
2261
409387
278086
971525
822158
823268
477111
299106
443556
730430
765991
821415
582766
694023
753306
510312
162317
199123
311121
228276
61325
607315
771477
568533
63919
784310
328839
59943
52579
612555
499949
527277
964048
894142
556927
165081
59643
532497
84003
892698
194852
71850
623940
71263
708012
903683
246630
423390
125711
987336
933534
597348
258176
607041
623399
41673
649469
85966
439590
689306
612025
592684
548178
331738
980111
273433
214182
702259
750982
329446
250281
278518
415012
137236
704319
676857
314570
479435
331536
974147
788388
981189
76067
9768
480548
651333
590342
104838
76820
563751
223509
530459
278083
138891
978594
365963
923654
72133
921982
256151
387478
298831
165410
459470
874245
569606
737716
317213
641391
846306
685744
554635
8204
700306
856796
581543
313922
977018
695614
108619
984540
920783
140815
277313
121036
932932
112236
778481
580098
162999
285578
295443
634211
220862
752471
359537
213488
720893
665047
894344
276808
529960
512263
263320
949315
952274
887205
53267
96782
665096
444152
869635
290121
46229
3718
349760
808578
137175
668062
274681
169431
777237
463299
578479
739946
448463
588154
10140
117309
78899
990958
926005
724587
947838
156295
572093
37779
875137
387152
610806
579365
155288
450665
133637
43861
323233
382365
942651
978414
834795
902513
41833
942591
375191
220282
715199
261651
699331
107787
370859
818012
587081
927083
917203
426118
650811
785885
162061
970734
975051
248238
906605
170396
838743
850156
185653
924232
432323
25991
188074
772344
969396
348322
820392
976032
431713
841205
702449
906037
770764
850133
260223
279767
166932
825623
735344
113347
401125
914534
40606
900301
493555
233239
209268
856254
963067
482663
366644
320016
860395
833981
913649
238652
233753
24814
692095
202512
417822
344208
292137
906340
72793
810892
292684
368204
672643
534151
419094
712527
884643
562263
347236
984862
28942
120945
919642
273904
187242
608793
278362
40116
113669
625551
455674
362480
763935
824630
328915
457593
635657
536266
121264
403907
943200
604597
199313
267096
46543
743216
457240
1774
545176
970536
845688
564608
720222
754378
985938
777992
772841
703205
206607
381914
452249
73373
994968
696504
965499
346240
653426
329165
695613
889209
130680
754718
943768
314911
531757
324309
699288
428232
342028
421948
731077
310017
581344
133471
201159
440870
697230
986043
397563
710220
784476
946661
182481
645415
596751
315569
425801
574554
874225
426
318636
300851
220393
450771
823928
608159
636131
686509
337903
487576
463247
463639
708447
224083
536005
496172
832292
944957
834693
771712
177935
690856
88915
297572
540491
696102
663687
649343
351471
97924
858180
998244
787626
246278
705478
325499
235553
845743
208803
154512
25612
48459
256737
498217
640968
891015
805820
76366
477539
434573
929182
660357
603635
203881
753241
730181
402631
518393
419067
255837
154740
687927
721025
5815
936022
787444
902238
807452
928478
111765
816233
445799
229472
184431
843171
729717
543119
487116
52658
584483
261304
962038
889546
127254
478635
139817
840347
487214
700006
556933
586076
624378
332712
996189
791938
934728
464072
642413
854597
754214
935352
529299
447471
870915
950907
574486
467575
940791
166890
779780
903343
497733
471933
271783
788296
259250
880661
668637
290783
803014
815452
546623
508137
657194
250868
287937
461240
81248
748207
299608
245885
284914
352162
335240
936407
566391
84492
145096
158158
242496
401642
727660
160228
740735
224346
67349
435021
427399
346955
568970
488558
435971
65291
216882
873350
440553
408397
948792
807190
612452
992018
729309
20481
898349
923436
802785
603656
398859
500150
6183
988537
368846
313119
790076
408931
894906
934954
999745
876326
439376
564366
783827
770320
572662
838723
632557
941424
231252
511946
230081
286194
457008
509233
30435
407747
352458
701365
712132
836913
423957
759360
173062
881335
490095
964210
133828
652484
560070
28277
950984
413161
620645
591808
695206
28419
88026
673972
449434
142292
908960
484126
190557
52728
272794
397520
343255
221942
476787
342723
353895
798208
922370
397543
291774
788540
997410
872336
442043
264526
875468
85885
493153
20325
785409
565622
54616
998161
366961
235114
681726
71952
819183
683415
42214
790871
32538
995741
259296
209045
879996
21370
651518
159785
250133
132353
496565
701979
119947
591365
993796
228553
487624
733443
268691
804151
386815
175940
635325
636746
784257
753253
120097
815574
859100
171721
326148
113350
606795
26926
974009
327111
603767
710251
952135
393538
415923
987204
749748
207964
79689
620860
724162
870918
657712
254647
106852
731060
810005
316233
891598
717498
629578
844658
126936
834905
593424
820653
43065
364070
558624
449187
693656
388572
72307
530539
678999
357807
13267
890845
440464
862277
514014
110666
454583
379782
666460
934885
868963
482072
741667
160423
456642
184693
769441
547092
682055
283202
645831
847459
964290
564316
812271
506984
487456
456733
865846
766537
621255
281434
337961
893086
257421
871085
980023
90873
292478
924458
472701
255710
786932
487283
597531
639980
700647
397400
352738
30095
518318
892289
340803
190673
511234
222424
372061
836588
270903
356872
293244
923083
625114
735245
922860
289689
582790
10645
541723
994116
200338
89772
253081
755054
426171
512312
582145
794994
251998
724157
499220
677279
746421
514664
469946
831451
18081
97574
308529
232361
424046
725392
255124
321081
696213
609806
386946
496250
580359
556712
360456
446174
782170
577125
346860
368901
736997
475787
284077
321518
263616
241737
126517
756322
201940
330877
125363
778968
561895
997068
799214
723689
194144
200846
226896
774484
507720
289931
759783
618227
797136
550122
625781
296746
105410
873075
203548
310637
238534
378412
188159
316951
14836
742412
560082
132732
287637
47727
57175
580239
306328
731296
989950
132414
668855
910648
789360
514724
107571
915113
12862
601950
298152
492199
501969
461866
357257
193320
53873
264743
986777
903583
500936
119630
862051
68518
420173
515634
77681
605051
660022
719797
56214
159098
156446
850545
590181
995231
318595
89319
260248
124206
585182
801578
436391
635771
625085
829152
648459
236651
813374
547958
398856
472399
952636
464227
311798
901951
617114
449661
320215
596252
651195
63157
639245
776040
104054
993621
799788
217882
655901
221276
277502
692510
85132
164687
251517
182257
578806
78712
164137
2806
